
 0.13333333333333333 -1.0 0.1037037037037037 -0.7481481481481481 0.08148148148148149 -0.5407407407407407 0.014814814814814815 -0.1925925925925926 -0.07407407407407407 0.06666666666666667 0.5111111111111111 0.2074074074074074 0.5111111111111111 0.2074074074074074 0.5111111111111111 0.2074074074074074 0.5111111111111111 0.2074074074074074 0.5111111111111111 0.2074074074074074 1 0 0 0 0
 0.031914893617021274 -1.0 0.031914893617021274 -0.7553191489361702 0.02127659574468085 -0.5319148936170213 0.0 -0.1276595744680851 -0.14893617021276595 0.19148936170212766 0.4787234042553192 0.3404255319148936 0.4787234042553192 0.3404255319148936 0.4787234042553192 0.3404255319148936 0.4787234042553192 0.3404255319148936 0.4787234042553192 0.3404255319148936 1 0 0 0 0
 0.07 -1.0 0.07 -0.73 0.06 -0.48 0.05 -0.18 -0.02 0.1 0.47 0.34 0.47 0.34 0.47 0.34 0.47 0.34 0.47 0.34 1 0 0 0 0
 0.011976047904191617 -1.0 0.011976047904191617 -0.7485029940119761 0.005988023952095809 -0.4251497005988024 0.0 -0.2275449101796407 -0.0718562874251497 0.16167664670658682 0.49700598802395207 0.30538922155688625 0.49700598802395207 0.30538922155688625 0.49700598802395207 0.30538922155688625 0.49700598802395207 0.30538922155688625 0.49700598802395207 0.30538922155688625 1 0 0 0 0
 0.010101010101010102 -1.0 0.015151515151515152 -0.7272727272727273 0.010101010101010102 -0.5 0.005050505050505051 -0.12121212121212122 -0.06060606060606061 0.16666666666666666 0.4090909090909091 0.29797979797979796 0.4090909090909091 0.29797979797979796 0.4090909090909091 0.29797979797979796 0.4090909090909091 0.29797979797979796 0.4090909090909091 0.29797979797979796 1 0 0 0 0
 0.059880239520958084 -1.0 0.04790419161676647 -0.7784431137724551 0.041916167664670656 -0.6826347305389222 -0.011976047904191617 -0.2994011976047904 -0.10179640718562874 -0.005988023952095809 -0.23353293413173654 0.23952095808383234 0.40119760479041916 0.2934131736526946 0.40119760479041916 0.2934131736526946 0.40119760479041916 0.2934131736526946 0.40119760479041916 0.2934131736526946 1 0 0 0 0
 0.047619047619047616 -1.0 0.0 -0.7210884353741497 -0.047619047619047616 -0.4489795918367347 -0.08163265306122448 -0.30612244897959184 -0.1836734693877551 0.02040816326530612 0.4557823129251701 0.19047619047619047 0.4557823129251701 0.19047619047619047 0.4557823129251701 0.19047619047619047 0.4557823129251701 0.19047619047619047 0.4557823129251701 0.19047619047619047 1 0 0 0 0
 -0.015873015873015872 -1.0 -0.03968253968253968 -0.7301587301587301 -0.0873015873015873 -0.3492063492063492 -0.16666666666666666 -0.015873015873015872 0.5555555555555556 0.21428571428571427 0.6349206349206349 0.25396825396825395 0.6349206349206349 0.25396825396825395 0.6349206349206349 0.25396825396825395 0.6349206349206349 0.25396825396825395 0.6349206349206349 0.25396825396825395 1 0 0 0 0
 0.0 -1.0 0.0 -0.65625 -0.010416666666666666 -0.3333333333333333 -0.07291666666666667 0.1875 0.6145833333333334 0.4375 0.6145833333333334 0.4375 0.6145833333333334 0.4375 0.6145833333333334 0.4375 0.6145833333333334 0.4375 0.6145833333333334 0.4375 1 0 0 0 0
 0.0 -1.0 -0.012345679012345678 -0.8827160493827161 -0.04938271604938271 -0.5246913580246914 -0.06790123456790123 -0.2777777777777778 -0.09259259259259259 -0.018518518518518517 0.3271604938271605 0.19753086419753085 0.3271604938271605 0.19753086419753085 0.3271604938271605 0.19753086419753085 0.3271604938271605 0.19753086419753085 0.3271604938271605 0.19753086419753085 1 0 0 0 0
 0.0784313725490196 -1.0 0.0457516339869281 -0.7843137254901961 0.006535947712418301 -0.49019607843137253 -0.006535947712418301 -0.27450980392156865 -0.05228758169934641 -0.0196078431372549 -0.19607843137254902 0.2679738562091503 0.2679738562091503 0.2549019607843137 0.2679738562091503 0.2549019607843137 0.2679738562091503 0.2549019607843137 0.2679738562091503 0.2549019607843137 1 0 0 0 0
 0.0 -0.8487394957983193 -0.07563025210084033 -0.5042016806722689 -0.2184873949579832 -0.15966386554621848 -0.4117647058823529 0.16806722689075632 0.9495798319327731 0.2689075630252101 1.0 0.3277310924369748 1.0 0.3277310924369748 1.0 0.3277310924369748 1.0 0.3277310924369748 1.0 0.3277310924369748 1 0 0 0 0
 0.10828025477707007 -1.0 0.050955414012738856 -0.732484076433121 -0.01910828025477707 -0.4394904458598726 -0.10828025477707007 -0.17197452229299362 -0.27388535031847133 0.12738853503184713 0.4968152866242038 0.2484076433121019 0.4968152866242038 0.2484076433121019 0.4968152866242038 0.2484076433121019 0.4968152866242038 0.2484076433121019 0.4968152866242038 0.2484076433121019 1 0 0 0 0
 -0.09917355371900827 -1.0 -0.11570247933884298 -0.71900826446281 -0.1322314049586777 -0.47107438016528924 -0.18181818181818182 -0.0743801652892562 -0.2892561983471074 0.21487603305785125 0.5785123966942148 0.34710743801652894 0.5785123966942148 0.34710743801652894 0.5785123966942148 0.34710743801652894 0.5785123966942148 0.34710743801652894 0.5785123966942148 0.34710743801652894 1 0 0 0 0
 0.10434782608695652 -1.0 0.06956521739130435 -0.7478260869565218 0.008695652173913044 -0.4260869565217391 -0.08695652173913043 -0.0782608695652174 -0.22608695652173913 0.2 0.6173913043478261 0.391304347826087 0.6173913043478261 0.391304347826087 0.6173913043478261 0.391304347826087 0.6173913043478261 0.391304347826087 0.6173913043478261 0.391304347826087 1 0 0 0 0
 -0.012658227848101266 -1.0 -0.03164556962025317 -0.7025316455696202 -0.0379746835443038 -0.5189873417721519 -0.06962025316455696 -0.15822784810126583 -0.16455696202531644 0.23417721518987342 0.5 0.1518987341772152 0.5 0.1518987341772152 0.5 0.1518987341772152 0.5 0.1518987341772152 0.5 0.1518987341772152 1 0 0 0 0
 0.058823529411764705 -1.0 0.03361344537815126 -0.680672268907563 -0.008403361344537815 -0.44537815126050423 -0.13445378151260504 -0.08403361344537816 -0.42016806722689076 0.2857142857142857 0.6470588235294118 0.5378151260504201 0.6470588235294118 0.5378151260504201 0.6470588235294118 0.5378151260504201 0.6470588235294118 0.5378151260504201 0.6470588235294118 0.5378151260504201 1 0 0 0 0
 0.09 -1.0 0.07 -0.72 0.04 -0.49 0.0 -0.11 -0.14 0.22 0.59 0.36 0.59 0.36 0.59 0.36 0.59 0.36 0.59 0.36 1 0 0 0 0
 0.007142857142857143 -1.0 -0.02142857142857143 -0.75 -0.05 -0.4714285714285714 -0.07142857142857142 -0.34285714285714286 -0.1 -0.03571428571428571 0.4857142857142857 0.1357142857142857 0.4857142857142857 0.1357142857142857 0.4857142857142857 0.1357142857142857 0.4857142857142857 0.1357142857142857 0.4857142857142857 0.1357142857142857 1 0 0 0 0
 0.2 -1.0 0.2 -0.7272727272727273 0.16363636363636364 -0.43636363636363634 0.1 -0.20909090909090908 -0.05454545454545454 0.09090909090909091 0.5 0.41818181818181815 0.5 0.41818181818181815 0.5 0.41818181818181815 0.5 0.41818181818181815 0.5 0.41818181818181815 1 0 0 0 0
 -0.7321428571428571 1.0 -0.7857142857142857 0.5535714285714286 -0.75 -0.08928571428571429 -0.5714285714285714 -0.7321428571428571 0.19642857142857142 0.8035714285714286 0.19642857142857142 0.8035714285714286 0.19642857142857142 0.8035714285714286 0.19642857142857142 0.8035714285714286 0.19642857142857142 0.8035714285714286 0.19642857142857142 0.8035714285714286 0 1 0 0 0
 -0.5232558139534884 1.0 -0.5697674418604651 0.5930232558139535 -0.5697674418604651 0.29069767441860467 -0.5 -0.32558139534883723 0.0 0.4418604651162791 0.0 0.4418604651162791 0.0 0.4418604651162791 0.0 0.4418604651162791 0.0 0.4418604651162791 0.0 0.4418604651162791 0 1 0 0 0
 -0.5609756097560976 1.0 -0.5853658536585366 0.6951219512195121 -0.5609756097560976 0.15853658536585366 -0.47560975609756095 -0.35365853658536583 -0.17073170731707318 -0.8170731707317073 -0.08536585365853659 0.43902439024390244 -0.08536585365853659 0.43902439024390244 -0.08536585365853659 0.43902439024390244 -0.08536585365853659 0.43902439024390244 -0.08536585365853659 0.43902439024390244 0 1 0 0 0
 -0.7272727272727273 1.0 -0.7272727272727273 0.6666666666666666 -0.7121212121212122 0.07575757575757576 -0.6212121212121212 -0.36363636363636365 0.15151515151515152 0.5303030303030303 0.15151515151515152 0.5303030303030303 0.15151515151515152 0.5303030303030303 0.15151515151515152 0.5303030303030303 0.15151515151515152 0.5303030303030303 0.15151515151515152 0.5303030303030303 0 1 0 0 0
 -0.5 1.0 -0.5102040816326531 0.6020408163265306 -0.5 0.2653061224489796 -0.47959183673469385 -0.08163265306122448 -0.32653061224489793 -0.5816326530612245 0.17346938775510204 0.4387755102040816 0.17346938775510204 0.4387755102040816 0.17346938775510204 0.4387755102040816 0.17346938775510204 0.4387755102040816 0.17346938775510204 0.4387755102040816 0 1 0 0 0
 -0.4108527131782946 1.0 -0.4496124031007752 0.6821705426356589 -0.4573643410852713 0.3178294573643411 -0.4186046511627907 -0.023255813953488372 -0.3178294573643411 -0.35658914728682173 0.16279069767441862 0.31007751937984496 0.16279069767441862 0.31007751937984496 0.16279069767441862 0.31007751937984496 0.16279069767441862 0.31007751937984496 0.16279069767441862 0.31007751937984496 0 1 0 0 0
 -0.8387096774193549 1.0 -0.8387096774193549 0.5806451612903226 -0.8064516129032258 -0.03225806451612903 -0.6774193548387096 -0.6774193548387096 0.0967741935483871 0.6451612903225806 0.0967741935483871 0.6451612903225806 0.0967741935483871 0.6451612903225806 0.0967741935483871 0.6451612903225806 0.0967741935483871 0.6451612903225806 0.0967741935483871 0.6451612903225806 0 1 0 0 0
 -0.550561797752809 1.0 -0.5730337078651685 0.6966292134831461 -0.5730337078651685 0.3258426966292135 -0.4943820224719101 -0.21348314606741572 -0.30337078651685395 -0.550561797752809 0.12359550561797752 0.47191011235955055 0.12359550561797752 0.47191011235955055 0.12359550561797752 0.47191011235955055 0.12359550561797752 0.47191011235955055 0.12359550561797752 0.47191011235955055 0 1 0 0 0
 -0.5360824742268041 1.0 -0.5360824742268041 0.6185567010309279 -0.5360824742268041 0.31958762886597936 -0.4639175257731959 -0.14432989690721648 -0.24742268041237114 -0.5773195876288659 -0.17525773195876287 0.31958762886597936 -0.17525773195876287 0.31958762886597936 -0.17525773195876287 0.31958762886597936 -0.17525773195876287 0.31958762886597936 -0.17525773195876287 0.31958762886597936 0 1 0 0 0
 -0.8333333333333334 1.0 -0.8076923076923077 0.6666666666666666 -0.7435897435897436 0.24358974358974358 -0.5769230769230769 -0.3076923076923077 -0.2564102564102564 -0.7564102564102564 0.14102564102564102 0.358974358974359 0.14102564102564102 0.358974358974359 0.14102564102564102 0.358974358974359 0.14102564102564102 0.358974358974359 0.14102564102564102 0.358974358974359 0 1 0 0 0
 -0.5579710144927537 1.0 -0.5507246376811594 0.6304347826086957 -0.5217391304347826 0.3188405797101449 -0.45652173913043476 -0.057971014492753624 -0.30434782608695654 -0.4420289855072464 0.06521739130434782 0.35507246376811596 0.06521739130434782 0.35507246376811596 0.06521739130434782 0.35507246376811596 0.06521739130434782 0.35507246376811596 0.06521739130434782 0.35507246376811596 0 1 0 0 0
 -0.5535714285714286 1.0 -0.5714285714285714 0.7142857142857143 -0.5714285714285714 0.23214285714285715 -0.5089285714285714 -0.13392857142857142 -0.25892857142857145 -0.5892857142857143 0.026785714285714284 0.4375 0.026785714285714284 0.4375 0.026785714285714284 0.4375 0.026785714285714284 0.4375 0.026785714285714284 0.4375 0 1 0 0 0
 -0.6559139784946236 0.9354838709677419 -0.6989247311827957 0.5161290322580645 -0.6881720430107527 -0.1827956989247312 -0.5483870967741935 -0.7311827956989247 -0.13978494623655913 0.8064516129032258 -0.13978494623655913 0.8064516129032258 -0.13978494623655913 0.8064516129032258 -0.13978494623655913 0.8064516129032258 -0.13978494623655913 0.8064516129032258 -0.13978494623655913 0.8064516129032258 0 1 0 0 0
 -0.5354330708661418 1.0 -0.5590551181102362 0.6692913385826772 -0.5748031496062992 0.07874015748031496 -0.5118110236220472 -0.49606299212598426 -0.14173228346456693 -0.952755905511811 0.2047244094488189 0.6456692913385826 0.2047244094488189 0.6456692913385826 0.2047244094488189 0.6456692913385826 0.2047244094488189 0.6456692913385826 0.2047244094488189 0.6456692913385826 0 1 0 0 0
 -0.5625 1.0 -0.575 0.5 -0.55 -0.025 -0.4625 -0.425 -0.3125 0.8125 -0.3125 0.8125 -0.3125 0.8125 -0.3125 0.8125 -0.3125 0.8125 -0.3125 0.8125 0 1 0 0 0
 -0.6923076923076923 0.9615384615384616 -0.7115384615384616 0.5384615384615384 -0.6346153846153846 0.11538461538461539 -0.5 -0.3269230769230769 -0.19230769230769232 -0.8653846153846154 0.1346153846153846 0.5192307692307693 0.1346153846153846 0.5192307692307693 0.1346153846153846 0.5192307692307693 0.1346153846153846 0.5192307692307693 0.1346153846153846 0.5192307692307693 0 1 0 0 0
 -0.28 1.0 -0.328 0.752 -0.344 0.472 -0.368 -0.04 -0.32 -0.376 0.128 0.368 0.128 0.368 0.128 0.368 0.128 0.368 0.128 0.368 0 1 0 0 0
 -0.75 0.75 -0.765625 0.234375 -0.703125 -0.3125 -0.453125 -0.796875 0.046875 1.0 0.046875 1.0 0.046875 1.0 0.046875 1.0 0.046875 1.0 0.046875 1.0 0 1 0 0 0
 -0.6627906976744186 0.5232558139534884 -0.6046511627906976 0.20930232558139536 -0.5 -0.22093023255813954 -0.27906976744186046 -0.7093023255813954 -0.011627906976744186 0.5348837209302325 -0.011627906976744186 0.5348837209302325 -0.011627906976744186 0.5348837209302325 -0.011627906976744186 0.5348837209302325 -0.011627906976744186 0.5348837209302325 -0.011627906976744186 0.5348837209302325 0 1 0 0 0
 -0.6923076923076923 0.9487179487179487 -0.7051282051282052 0.6666666666666666 -0.6923076923076923 0.05128205128205128 -0.6410256410256411 -0.2564102564102564 -0.23076923076923078 -0.9358974358974359 0.10256410256410256 0.48717948717948717 0.10256410256410256 0.48717948717948717 0.10256410256410256 0.48717948717948717 0.10256410256410256 0.48717948717948717 0.10256410256410256 0.48717948717948717 0 1 0 0 0
 -0.4868421052631579 -0.5921052631578947 -0.3026315789473684 -0.15789473684210525 0.14473684210526316 0.19736842105263158 0.18421052631578946 0.7631578947368421 0.5131578947368421 -0.39473684210526316 0.5131578947368421 -0.39473684210526316 0.5131578947368421 -0.39473684210526316 0.5131578947368421 -0.39473684210526316 0.5131578947368421 -0.39473684210526316 0.5131578947368421 -0.39473684210526316 0 0 1 0 0
 -0.19444444444444445 -0.6944444444444444 -0.5833333333333334 -0.3472222222222222 -0.027777777777777776 0.3472222222222222 0.16666666666666666 0.8333333333333334 0.5416666666666666 -0.4861111111111111 0.5416666666666666 -0.4861111111111111 0.5416666666666666 -0.4861111111111111 0.5416666666666666 -0.4861111111111111 0.5416666666666666 -0.4861111111111111 0.5416666666666666 -0.4861111111111111 0 0 1 0 0
 -0.4111111111111111 -0.5 -0.5444444444444444 -0.06666666666666667 -0.13333333333333333 0.36666666666666664 0.2 0.8111111111111111 0.4777777777777778 -0.6 0.4777777777777778 -0.6 0.4777777777777778 -0.6 0.4777777777777778 -0.6 0.4777777777777778 -0.6 0.4777777777777778 -0.6 0 0 1 0 0
 -0.6301369863013698 -0.3835616438356164 -0.3150684931506849 -0.0273972602739726 0.0136986301369863 0.3561643835616438 0.3013698630136986 0.8082191780821918 0.6986301369863014 -0.6301369863013698 0.6986301369863014 -0.6301369863013698 0.6986301369863014 -0.6301369863013698 0.6986301369863014 -0.6301369863013698 0.6986301369863014 -0.6301369863013698 0.6986301369863014 -0.6301369863013698 0 0 1 0 0
 -0.3855421686746988 -0.39759036144578314 -0.30120481927710846 0.060240963855421686 0.13253012048192772 0.4578313253012048 0.4578313253012048 -0.5662650602409639 0.4578313253012048 -0.5662650602409639 0.4578313253012048 -0.5662650602409639 0.4578313253012048 -0.5662650602409639 0.4578313253012048 -0.5662650602409639 0.4578313253012048 -0.5662650602409639 0.4578313253012048 -0.5662650602409639 0 0 1 0 0
 -0.6029411764705882 -0.5441176470588235 -0.5735294117647058 -0.10294117647058823 -0.029411764705882353 0.27941176470588236 0.35294117647058826 0.6911764705882353 0.47058823529411764 -0.7058823529411765 0.47058823529411764 -0.7058823529411765 0.47058823529411764 -0.7058823529411765 0.47058823529411764 -0.7058823529411765 0.47058823529411764 -0.7058823529411765 0.47058823529411764 -0.7058823529411765 0 0 1 0 0
 -0.22093023255813954 -0.5348837209302325 -0.2441860465116279 -0.03488372093023256 0.18604651162790697 0.38372093023255816 0.27906976744186046 0.9418604651162791 0.4883720930232558 -0.6046511627906976 0.4883720930232558 -0.6046511627906976 0.4883720930232558 -0.6046511627906976 0.4883720930232558 -0.6046511627906976 0.4883720930232558 -0.6046511627906976 0.4883720930232558 -0.6046511627906976 0 0 1 0 0
 -0.45054945054945056 -0.7032967032967034 -0.7142857142857143 -0.27472527472527475 -0.1978021978021978 0.21978021978021978 0.15384615384615385 0.7472527472527473 0.4835164835164835 -0.8021978021978022 0.4835164835164835 -0.8021978021978022 0.4835164835164835 -0.8021978021978022 0.4835164835164835 -0.8021978021978022 0.4835164835164835 -0.8021978021978022 0.4835164835164835 -0.8021978021978022 0 0 1 0 0
 -0.36 -0.56 -0.37333333333333335 -0.21333333333333335 0.013333333333333334 0.32 0.29333333333333333 0.7066666666666667 0.4 -0.52 0.4 -0.52 0.4 -0.52 0.4 -0.52 0.4 -0.52 0.4 -0.52 0 0 1 0 0
 -0.4044943820224719 -0.5393258426966292 -0.21348314606741572 -0.07865168539325842 0.1797752808988764 0.29213483146067415 0.449438202247191 0.7415730337078652 0.3595505617977528 -0.5955056179775281 0.3595505617977528 -0.5955056179775281 0.3595505617977528 -0.5955056179775281 0.3595505617977528 -0.5955056179775281 0.3595505617977528 -0.5955056179775281 0.3595505617977528 -0.5955056179775281 0 0 1 0 0
 -0.25773195876288657 -0.4020618556701031 -0.4020618556701031 0.020618556701030927 -0.030927835051546393 0.4329896907216495 0.12371134020618557 0.9072164948453608 0.35051546391752575 -0.5567010309278351 0.35051546391752575 -0.5567010309278351 0.35051546391752575 -0.5567010309278351 0.35051546391752575 -0.5567010309278351 0.35051546391752575 -0.5567010309278351 0.35051546391752575 -0.5567010309278351 0 0 1 0 0
 -0.6666666666666666 -0.40229885057471265 -0.3448275862068966 0.0 0.0 0.3218390804597701 0.27586206896551724 0.8390804597701149 0.5057471264367817 -0.7471264367816092 0.5057471264367817 -0.7471264367816092 0.5057471264367817 -0.7471264367816092 0.5057471264367817 -0.7471264367816092 0.5057471264367817 -0.7471264367816092 0.5057471264367817 -0.7471264367816092 0 0 1 0 0
 -0.6103896103896104 -0.4675324675324675 -0.3116883116883117 -0.03896103896103896 0.0 0.2597402597402597 0.37662337662337664 0.7532467532467533 0.4025974025974026 -0.7662337662337663 0.4025974025974026 -0.7662337662337663 0.4025974025974026 -0.7662337662337663 0.4025974025974026 -0.7662337662337663 0.4025974025974026 -0.7662337662337663 0.4025974025974026 -0.7662337662337663 0 0 1 0 0
 -0.4444444444444444 -0.5370370370370371 -0.2962962962962963 -0.16666666666666666 0.07407407407407407 0.25925925925925924 0.16666666666666666 0.7962962962962963 0.46296296296296297 -0.6666666666666666 0.46296296296296297 -0.6666666666666666 0.46296296296296297 -0.6666666666666666 0.46296296296296297 -0.6666666666666666 0.46296296296296297 -0.6666666666666666 0.46296296296296297 -0.6666666666666666 0 0 1 0 0
 -0.4375 -0.46875 -0.4375 0.0625 0.0 0.5 0.5625 -0.875 0.5625 -0.875 0.5625 -0.875 0.5625 -0.875 0.5625 -0.875 0.5625 -0.875 0.5625 -0.875 0 0 1 0 0
 -0.7333333333333333 -0.28888888888888886 -0.37777777777777777 0.0 0.06666666666666667 0.3111111111111111 0.3111111111111111 0.8888888888888888 0.4888888888888889 -0.7777777777777778 0.4888888888888889 -0.7777777777777778 0.4888888888888889 -0.7777777777777778 0.4888888888888889 -0.7777777777777778 0.4888888888888889 -0.7777777777777778 0.4888888888888889 -0.7777777777777778 0 0 1 0 0
 -0.4117647058823529 -0.4117647058823529 -0.22058823529411764 0.058823529411764705 0.08823529411764706 0.47058823529411764 0.4117647058823529 -0.6470588235294118 0.4117647058823529 -0.6470588235294118 0.4117647058823529 -0.6470588235294118 0.4117647058823529 -0.6470588235294118 0.4117647058823529 -0.6470588235294118 0.4117647058823529 -0.6470588235294118 0.4117647058823529 -0.6470588235294118 0 0 1 0 0
 -0.6710526315789473 -0.27631578947368424 -0.32894736842105265 -0.013157894736842105 0.039473684210526314 0.3157894736842105 0.27631578947368424 0.8552631578947368 0.5263157894736842 -0.7631578947368421 0.5263157894736842 -0.7631578947368421 0.5263157894736842 -0.7631578947368421 0.5263157894736842 -0.7631578947368421 0.5263157894736842 -0.7631578947368421 0.5263157894736842 -0.7631578947368421 0 0 1 0 0
 -0.43902439024390244 -0.5853658536585366 -0.45121951219512196 -0.08536585365853659 -0.10975609756097561 0.3170731707317073 0.2804878048780488 0.7560975609756098 0.2804878048780488 -0.7073170731707317 0.2804878048780488 -0.7073170731707317 0.2804878048780488 -0.7073170731707317 0.2804878048780488 -0.7073170731707317 0.2804878048780488 -0.7073170731707317 0.2804878048780488 -0.7073170731707317 0 0 1 0 0
 -0.6176470588235294 -0.45588235294117646 -0.3235294117647059 -0.10294117647058823 0.0 0.27941176470588236 0.22058823529411764 0.7647058823529411 0.39705882352941174 -0.7941176470588235 0.39705882352941174 -0.7941176470588235 0.39705882352941174 -0.7941176470588235 0.39705882352941174 -0.7941176470588235 0.39705882352941174 -0.7941176470588235 0.39705882352941174 -0.7941176470588235 0 0 1 0 0
 -0.20212765957446807 0.4574468085106383 -0.2978723404255319 0.7446808510638298 0.13829787234042554 -0.0851063829787234 -0.09574468085106383 -0.4787234042553192 0.2765957446808511 -0.7340425531914894 0.2765957446808511 -0.7340425531914894 0.2765957446808511 -0.7340425531914894 0.2765957446808511 -0.7340425531914894 0.2765957446808511 -0.7340425531914894 0.2765957446808511 -0.7340425531914894 0 0 0 1 0
 0.029411764705882353 0.4264705882352941 -0.29411764705882354 0.6176470588235294 0.058823529411764705 -0.39705882352941174 -0.20588235294117646 -0.7794117647058824 0.35294117647058826 -0.8529411764705882 0.35294117647058826 -0.8529411764705882 0.35294117647058826 -0.8529411764705882 0.35294117647058826 -0.8529411764705882 0.35294117647058826 -0.8529411764705882 0.35294117647058826 -0.8529411764705882 0 0 0 1 0
 -0.37142857142857144 0.38571428571428573 -0.5142857142857142 0.7142857142857143 0.0 -0.2857142857142857 -0.014285714285714285 -0.6714285714285714 0.4714285714285714 -0.8571428571428571 0.4714285714285714 -0.8571428571428571 0.4714285714285714 -0.8571428571428571 0.4714285714285714 -0.8571428571428571 0.4714285714285714 -0.8571428571428571 0.4714285714285714 -0.8571428571428571 0 0 0 1 0
 -0.08421052631578947 0.43157894736842106 -0.4 0.5894736842105263 0.21052631578947367 -0.17894736842105263 -0.031578947368421054 -0.6105263157894737 0.35789473684210527 -0.6947368421052632 0.35789473684210527 -0.6947368421052632 0.35789473684210527 -0.6947368421052632 0.35789473684210527 -0.6947368421052632 0.35789473684210527 -0.6947368421052632 0.35789473684210527 -0.6947368421052632 0 0 0 1 0
 -0.275 0.55 -0.3875 0.875 0.3125 0.125 -0.175 -0.5375 0.375 -0.775 0.425 -0.7875 0.425 -0.7875 0.425 -0.7875 0.425 -0.7875 0.425 -0.7875 0 0 0 1 0
 0.0 0.10869565217391304 -0.2826086956521739 0.34782608695652173 -0.29347826086956524 0.7717391304347826 0.358695652173913 -0.5869565217391305 0.358695652173913 -0.5869565217391305 0.358695652173913 -0.5869565217391305 0.358695652173913 -0.5869565217391305 0.358695652173913 -0.5869565217391305 0.358695652173913 -0.5869565217391305 0.358695652173913 -0.5869565217391305 0 0 0 1 0
 -0.034482758620689655 0.4367816091954023 -0.3103448275862069 0.7011494252873564 -0.09195402298850575 -0.3563218390804598 0.25287356321839083 -0.7816091954022989 0.8390804597701149 -0.9310344827586207 0.8390804597701149 -0.9310344827586207 0.8390804597701149 -0.9310344827586207 0.8390804597701149 -0.9310344827586207 0.8390804597701149 -0.9310344827586207 0.8390804597701149 -0.9310344827586207 0 0 0 1 0
 -0.08433734939759036 0.42168674698795183 -0.37349397590361444 0.6385542168674698 0.024096385542168676 -0.30120481927710846 -0.10843373493975904 -0.7108433734939759 0.46987951807228917 -0.8192771084337349 0.46987951807228917 -0.8192771084337349 0.46987951807228917 -0.8192771084337349 0.46987951807228917 -0.8192771084337349 0.46987951807228917 -0.8192771084337349 0.46987951807228917 -0.8192771084337349 0 0 0 1 0
 0.2159090909090909 0.5454545454545454 -0.11363636363636363 0.6818181818181818 -0.011363636363636364 -0.10227272727272728 -0.23863636363636365 -0.42045454545454547 0.22727272727272727 -0.8181818181818182 0.22727272727272727 -0.8181818181818182 0.22727272727272727 -0.8181818181818182 0.22727272727272727 -0.8181818181818182 0.22727272727272727 -0.8181818181818182 0.22727272727272727 -0.8181818181818182 0 0 0 1 0
 -0.10989010989010989 0.31868131868131866 -0.37362637362637363 0.5494505494505495 -0.02197802197802198 -0.46153846153846156 0.4835164835164835 -0.7032967032967034 0.5604395604395604 -0.7032967032967034 0.5604395604395604 -0.7032967032967034 0.5604395604395604 -0.7032967032967034 0.5604395604395604 -0.7032967032967034 0.5604395604395604 -0.7032967032967034 0.5604395604395604 -0.7032967032967034 0 0 0 1 0
 0.08737864077669903 0.5533980582524272 -0.1262135922330097 0.7572815533980582 0.1650485436893204 -0.08737864077669903 -0.038834951456310676 -0.3786407766990291 0.1262135922330097 -0.6990291262135923 0.1262135922330097 -0.6990291262135923 0.1262135922330097 -0.6990291262135923 0.1262135922330097 -0.6990291262135923 0.1262135922330097 -0.6990291262135923 0.1262135922330097 -0.6990291262135923 0 0 0 1 0
 0.0 0.5760869565217391 -0.2717391304347826 0.7717391304347826 0.15217391304347827 -0.043478260869565216 -0.09782608695652174 -0.4673913043478261 0.16304347826086957 -0.8152173913043478 0.33695652173913043 -0.8586956521739131 0.33695652173913043 -0.8586956521739131 0.33695652173913043 -0.8586956521739131 0.33695652173913043 -0.8586956521739131 0.33695652173913043 -0.8586956521739131 0 0 0 1 0
 -0.12643678160919541 0.4482758620689655 -0.3218390804597701 0.7011494252873564 0.13793103448275862 -0.09195402298850575 -0.10344827586206896 -0.5862068965517241 0.4367816091954023 -0.8160919540229885 0.4367816091954023 -0.8160919540229885 0.4367816091954023 -0.8160919540229885 0.4367816091954023 -0.8160919540229885 0.4367816091954023 -0.8160919540229885 0.4367816091954023 -0.8160919540229885 0 0 0 1 0
 -0.12048192771084337 0.3132530120481928 -0.12048192771084337 0.3132530120481928 -0.14457831325301204 -0.4578313253012048 0.4457831325301205 -0.6024096385542169 0.4457831325301205 -0.6024096385542169 0.4457831325301205 -0.6024096385542169 0.4457831325301205 -0.6024096385542169 0.4457831325301205 -0.6024096385542169 0.4457831325301205 -0.6024096385542169 0.4457831325301205 -0.6024096385542169 0 0 0 1 0
 -0.12903225806451613 0.5698924731182796 -0.3225806451612903 0.8172043010752689 0.13978494623655913 -0.03225806451612903 -0.043010752688172046 -0.40860215053763443 0.41935483870967744 -0.6559139784946236 0.5053763440860215 -0.6559139784946236 0.5053763440860215 -0.6559139784946236 0.5053763440860215 -0.6559139784946236 0.5053763440860215 -0.6559139784946236 0.5053763440860215 -0.6559139784946236 0 0 0 1 0
 0.0273972602739726 0.4657534246575342 -0.2465753424657534 0.6301369863013698 0.0684931506849315 -0.273972602739726 0.0136986301369863 -0.6438356164383562 0.3287671232876712 -0.7123287671232876 0.3287671232876712 -0.7123287671232876 0.3287671232876712 -0.7123287671232876 0.3287671232876712 -0.7123287671232876 0.3287671232876712 -0.7123287671232876 0.3287671232876712 -0.7123287671232876 0 0 0 1 0
 -0.1917808219178082 0.410958904109589 -0.4657534246575342 0.6438356164383562 0.136986301369863 -0.2191780821917808 0.136986301369863 -0.6301369863013698 0.5342465753424658 -0.7397260273972602 0.5342465753424658 -0.7397260273972602 0.5342465753424658 -0.7397260273972602 0.5342465753424658 -0.7397260273972602 0.5342465753424658 -0.7397260273972602 0.5342465753424658 -0.7397260273972602 0 0 0 1 0
 -0.3898305084745763 0.4745762711864407 -0.6949152542372882 0.8135593220338984 -0.13559322033898305 -0.4067796610169492 0.3559322033898305 -0.7288135593220338 0.864406779661017 -0.9152542372881356 1.0 -0.9491525423728814 1.0 -0.9491525423728814 1.0 -0.9491525423728814 1.0 -0.9491525423728814 1.0 -0.9491525423728814 0 0 0 1 0
 -0.04878048780487805 0.6097560975609756 -0.3048780487804878 0.8780487804878049 0.024390243902439025 -0.13414634146341464 -0.13414634146341464 -0.45121951219512196 0.3780487804878049 -0.8170731707317073 0.47560975609756095 -0.8292682926829268 0.47560975609756095 -0.8292682926829268 0.47560975609756095 -0.8292682926829268 0.47560975609756095 -0.8292682926829268 0.47560975609756095 -0.8292682926829268 0 0 0 1 0
 0.11428571428571428 0.38571428571428573 -0.22857142857142856 0.6285714285714286 -0.2571428571428571 -0.4142857142857143 0.6 -0.8714285714285714 0.8428571428571429 -0.9 0.8428571428571429 -0.9 0.8428571428571429 -0.9 0.8428571428571429 -0.9 0.8428571428571429 -0.9 0.8428571428571429 -0.9 0 0 0 1 0
 0.2727272727272727 -0.9318181818181818 -0.36363636363636365 -0.9545454545454546 -0.5227272727272727 0.13636363636363635 -0.6818181818181818 0.8409090909090909 0.8636363636363636 0.7727272727272727 0.8636363636363636 0.7727272727272727 0.8636363636363636 0.7727272727272727 0.8636363636363636 0.7727272727272727 0.8636363636363636 0.7727272727272727 0.8636363636363636 0.7727272727272727 0 0 0 0 1
 0.2833333333333333 -1.0 -0.15 -0.8666666666666667 -0.03333333333333333 -0.1 -0.55 0.16666666666666666 0.7 0.6833333333333333 0.7 0.6833333333333333 0.7 0.6833333333333333 0.7 0.6833333333333333 0.7 0.6833333333333333 0.7 0.6833333333333333 0 0 0 0 1
 0.1864406779661017 -0.7966101694915254 -0.3050847457627119 -0.7627118644067796 -0.3050847457627119 0.0847457627118644 -0.4915254237288136 0.6610169491525424 0.7796610169491526 0.864406779661017 0.7796610169491526 0.864406779661017 0.7796610169491526 0.864406779661017 0.7796610169491526 0.864406779661017 0.7796610169491526 0.864406779661017 0.7796610169491526 0.864406779661017 0 0 0 0 1
 0.3125 -1.0 -0.20833333333333334 -0.9375 -0.041666666666666664 0.0625 -0.5416666666666666 0.4375 0.7916666666666666 0.75 0.7916666666666666 0.75 0.7916666666666666 0.75 0.7916666666666666 0.75 0.7916666666666666 0.75 0.7916666666666666 0.75 0 0 0 0 1
 0.40425531914893614 -0.9574468085106383 -0.10638297872340426 -0.8723404255319149 0.0 0.0 -0.5531914893617021 0.3617021276595745 0.6382978723404256 0.7872340425531915 0.6382978723404256 0.7872340425531915 0.6382978723404256 0.7872340425531915 0.6382978723404256 0.7872340425531915 0.6382978723404256 0.7872340425531915 0.6382978723404256 0.7872340425531915 0 0 0 0 1
 0.28205128205128205 -1.0 -0.1794871794871795 -0.7692307692307693 -0.02564102564102564 -0.05128205128205128 -0.6410256410256411 0.28205128205128205 0.8717948717948718 0.717948717948718 0.8717948717948718 0.717948717948718 0.8717948717948718 0.717948717948718 0.8717948717948718 0.717948717948718 0.8717948717948718 0.717948717948718 0.8717948717948718 0.717948717948718 0 0 0 0 1
 -0.13725490196078433 -1.0 -0.39215686274509803 -0.7058823529411765 0.058823529411764705 -0.19607843137254902 -0.4117647058823529 0.2549019607843137 -0.11764705882352941 0.7058823529411765 0.6078431372549019 0.9411764705882353 0.6078431372549019 0.9411764705882353 0.6078431372549019 0.9411764705882353 0.6078431372549019 0.9411764705882353 0.6078431372549019 0.9411764705882353 0 0 0 0 1
 0.08823529411764706 -0.7941176470588235 -0.3235294117647059 -0.7058823529411765 -0.10294117647058823 0.08823529411764706 0.0 0.6029411764705882 1.0 0.5 1.0 0.5 1.0 0.5 1.0 0.5 1.0 0.5 1.0 0.5 0 0 0 0 1
 0.06 -1.0 -0.38 -0.72 0.08 0.0 -0.4 0.46 0.68 0.78 0.68 0.78 0.68 0.78 0.68 0.78 0.68 0.78 0.68 0.78 0 0 0 0 1
 0.15151515151515152 -0.9090909090909091 -0.36363636363636365 -0.9393939393939394 0.0 0.21212121212121213 -0.21212121212121213 0.7878787878787878 0.5151515151515151 1.0 0.5151515151515151 1.0 0.5151515151515151 1.0 0.5151515151515151 1.0 0.5151515151515151 1.0 0.5151515151515151 1.0 0 0 0 0 1
 0.1391304347826087 -1.0 -0.06956521739130435 -0.7565217391304347 -0.22608695652173913 -0.4 -0.14782608695652175 0.008695652173913044 -0.3826086956521739 0.3130434782608696 0.4434782608695652 0.5304347826086957 0.4434782608695652 0.5304347826086957 0.4434782608695652 0.5304347826086957 0.4434782608695652 0.5304347826086957 0.4434782608695652 0.5304347826086957 0 0 0 0 1
 0.3157894736842105 -1.0 0.10526315789473684 -0.9824561403508771 0.6842105263157895 -0.15789473684210525 -0.3508771929824561 0.19298245614035087 0.017543859649122806 0.7719298245614035 0.017543859649122806 0.7719298245614035 0.017543859649122806 0.7719298245614035 0.017543859649122806 0.7719298245614035 0.017543859649122806 0.7719298245614035 0.017543859649122806 0.7719298245614035 0 0 0 0 1
 0.2978723404255319 -1.0 -0.02127659574468085 -0.8404255319148937 -0.2765957446808511 -0.46808510638297873 -0.2553191489361702 0.0851063829787234 -0.43617021276595747 0.43617021276595747 0.5957446808510638 0.5212765957446809 0.5957446808510638 0.5212765957446809 0.5957446808510638 0.5212765957446809 0.5957446808510638 0.5212765957446809 0.5957446808510638 0.5212765957446809 0 0 0 0 1
 0.16666666666666666 -1.0 -0.15555555555555556 -0.8222222222222222 -0.2 -0.35555555555555557 -0.24444444444444444 0.06666666666666667 -0.37777777777777777 0.43333333333333335 0.4666666666666667 0.5777777777777777 0.4666666666666667 0.5777777777777777 0.4666666666666667 0.5777777777777777 0.4666666666666667 0.5777777777777777 0.4666666666666667 0.5777777777777777 0 0 0 0 1
 0.22972972972972974 -1.0 -0.1891891891891892 -0.8378378378378378 0.21621621621621623 -0.08108108108108109 -0.40540540540540543 0.1891891891891892 0.6486486486486487 0.6621621621621622 0.6486486486486487 0.6621621621621622 0.6486486486486487 0.6621621621621622 0.6486486486486487 0.6621621621621622 0.6486486486486487 0.6621621621621622 0.6486486486486487 0.6621621621621622 0 0 0 0 1
 0.4925373134328358 -1.0 0.13432835820895522 -0.9104477611940298 -0.208955223880597 -0.6417910447761194 -0.08955223880597014 0.04477611940298507 -0.417910447761194 0.34328358208955223 0.40298507462686567 0.40298507462686567 0.40298507462686567 0.40298507462686567 0.40298507462686567 0.40298507462686567 0.40298507462686567 0.40298507462686567 0.40298507462686567 0.40298507462686567 0 0 0 0 1
 0.18681318681318682 -1.0 -0.13186813186813187 -0.8571428571428571 -0.1978021978021978 -0.3516483516483517 -0.23076923076923078 0.06593406593406594 -0.3076923076923077 0.4175824175824176 0.21978021978021978 0.7912087912087912 0.21978021978021978 0.7912087912087912 0.21978021978021978 0.7912087912087912 0.21978021978021978 0.7912087912087912 0.21978021978021978 0.7912087912087912 0 0 0 0 1
 0.14772727272727273 -1.0 -0.18181818181818182 -0.8295454545454546 -0.29545454545454547 -0.32954545454545453 -0.2840909090909091 0.11363636363636363 -0.3068181818181818 0.5568181818181818 0.5454545454545454 0.6590909090909091 0.5454545454545454 0.6590909090909091 0.5454545454545454 0.6590909090909091 0.5454545454545454 0.6590909090909091 0.5454545454545454 0.6590909090909091 0 0 0 0 1
 0.10810810810810811 -1.0 -0.24324324324324326 -0.6891891891891891 0.05405405405405406 -0.10810810810810811 -0.47297297297297297 0.28378378378378377 -0.4864864864864865 0.8378378378378378 0.4864864864864865 0.8108108108108109 0.4864864864864865 0.8108108108108109 0.4864864864864865 0.8108108108108109 0.4864864864864865 0.8108108108108109 0.4864864864864865 0.8108108108108109 0 0 0 0 1
 0.24719101123595505 -0.8539325842696629 -0.16853932584269662 -0.8202247191011236 -0.19101123595505617 -0.06741573033707865 -0.39325842696629215 0.4044943820224719 0.6292134831460674 0.8764044943820225 0.6292134831460674 0.8764044943820225 0.6292134831460674 0.8764044943820225 0.6292134831460674 0.8764044943820225 0.6292134831460674 0.8764044943820225 0.6292134831460674 0.8764044943820225 0 0 0 0 1